{
  "accessors": [
    {
      "bufferView": 2,
      "componentType": 5126,
      "count": 65532,
      "max": [
        -28.685230255126953,
        18.81407356262207,
        1.6480088233947754
      ],
      "min": [
        -42.587593078613281,
        -7.5026082992553711,
        -3.0321674346923828
      ],
      "type": "VEC3"
    },
    {
      "bufferView": 2,
      "byteOffset": 786384,
      "componentType": 5126,
      "count": 65532,
      "max": [
        0.99999034404754639,
        0.99996381998062134,
        1
      ],
      "min": [
        -0.99961942434310913,
        -0.99997138977050781,
        -0.99940526485443115
      ],
      "type": "VEC3"
    },
    {
      "bufferView": 3,
      "componentType": 5126,
      "count": 65532,
      "max": [
        0.99607843160629272,
        0.99607843160629272,
        0.99607843160629272,
        1
      ],
      "min": [
        0,
        0,
        0,
        1
      ],
      "type": "VEC4"
    },
    {
      "bufferView": 1,
      "componentType": 5126,
      "count": 65532,
      "max": [
        0.99890464544296265,
        0.99996572732925415
      ],
      "min": [
        0.00048782737576402724,
        0.0014681593747809529
      ],
      "type": "VEC2"
    },
    {
      "bufferView": 0,
      "componentType": 5125,
      "count": 343752,
      "max": [
        65531
      ],
      "min": [
        0
      ],
      "type": "SCALAR"
    },
    {
      "bufferView": 2,
      "byteOffset": 1572768,
      "componentType": 5126,
      "count": 65532,
      "max": [
        -18.04864501953125,
        18.759365081787109,
        1.1162295341491699
      ],
      "min": [
        -32.524635314941406,
        -7.5021672248840332,
        -3.0289232730865479
      ],
      "type": "VEC3"
    },
    {
      "bufferView": 2,
      "byteOffset": 2359152,
      "componentType": 5126,
      "count": 65532,
      "max": [
        0.99997860193252563,
        0.99999582767486572,
        0.99999409914016724
      ],
      "min": [
        -0.99999034404754639,
        -0.99995189905166626,
        -0.99948912858963013
      ],
      "type": "VEC3"
    },
    {
      "bufferView": 3,
      "byteOffset": 1048512,
      "componentType": 5126,
      "count": 65532,
      "max": [
        0.99607843160629272,
        0.99607843160629272,
        0.99607843160629272,
        1
      ],
      "min": [
        0,
        0,
        0,
        1
      ],
      "type": "VEC4"
    },
    {
      "bufferView": 1,
      "byteOffset": 524256,
      "componentType": 5126,
      "count": 65532,
      "max": [
        0.9989885687828064,
        0.99984955787658691
      ],
      "min": [
        0.00048747975961305201,
        0.00048723266809247434
      ],
      "type": "VEC2"
    },
    {
      "bufferView": 0,
      "byteOffset": 1375008,
      "componentType": 5125,
      "count": 334563,
      "max": [
        65531
      ],
      "min": [
        0
      ],
      "type": "SCALAR"
    },
    {
      "bufferView": 2,
      "byteOffset": 3145536,
      "componentType": 5126,
      "count": 65532,
      "max": [
        -0.088194310665130615,
        18.716318130493164,
        0.15723918378353119
      ],
      "min": [
        -20.615486145019531,
        -7.5023064613342285,
        -3.0337145328521729
      ],
      "type": "VEC3"
    },
    {
      "bufferView": 2,
      "byteOffset": 3931920,
      "componentType": 5126,
      "count": 65532,
      "max": [
        0.99988627433776855,
        0.9999813437461853,
        0.99999845027923584
      ],
      "min": [
        -0.99997740983963013,
        -0.99978357553482056,
        -0.99914038181304932
      ],
      "type": "VEC3"
    },
    {
      "bufferView": 3,
      "byteOffset": 2097024,
      "componentType": 5126,
      "count": 65532,
      "max": [
        0.99607843160629272,
        0.99607843160629272,
        0.99607843160629272,
        1
      ],
      "min": [
        0,
        0,
        0,
        1
      ],
      "type": "VEC4"
    },
    {
      "bufferView": 1,
      "byteOffset": 1048512,
      "componentType": 5126,
      "count": 65532,
      "max": [
        0.99894160032272339,
        0.99997252225875854
      ],
      "min": [
        0.00048732469440437853,
        0.00048852141480892897
      ],
      "type": "VEC2"
    },
    {
      "bufferView": 0,
      "byteOffset": 2713260,
      "componentType": 5125,
      "count": 338565,
      "max": [
        65531
      ],
      "min": [
        0
      ],
      "type": "SCALAR"
    },
    {
      "bufferView": 2,
      "byteOffset": 4718304,
      "componentType": 5126,
      "count": 65532,
      "max": [
        9.7887678146362305,
        18.660327911376953,
        0.30537885427474976
      ],
      "min": [
        -9.1492929458618164,
        -7.5025320053100586,
        -3.0348131656646729
      ],
      "type": "VEC3"
    },
    {
      "bufferView": 2,
      "byteOffset": 5504688,
      "componentType": 5126,
      "count": 65532,
      "max": [
        0.99998712539672852,
        0.99996107816696167,
        0.99999856948852539
      ],
      "min": [
        -0.99987173080444336,
        -0.99994134902954102,
        -0.9992210865020752
      ],
      "type": "VEC3"
    },
    {
      "bufferView": 3,
      "byteOffset": 3145536,
      "componentType": 5126,
      "count": 65532,
      "max": [
        0.99607843160629272,
        0.99607843160629272,
        0.99607843160629272,
        1
      ],
      "min": [
        0,
        0,
        0,
        1
      ],
      "type": "VEC4"
    },
    {
      "bufferView": 1,
      "byteOffset": 1572768,
      "componentType": 5126,
      "count": 65532,
      "max": [
        0.99900299310684204,
        0.99996238946914673
      ],
      "min": [
        0.00048833730397745967,
        0.00048724797670729458
      ],
      "type": "VEC2"
    },
    {
      "bufferView": 0,
      "byteOffset": 4067520,
      "componentType": 5125,
      "count": 334476,
      "max": [
        65531
      ],
      "min": [
        0
      ],
      "type": "SCALAR"
    },
    {
      "bufferView": 2,
      "byteOffset": 6291072,
      "componentType": 5126,
      "count": 65532,
      "max": [
        21.6201171875,
        18.600149154663086,
        0.34460553526878357
      ],
      "min": [
        3.8992486000061035,
        -7.5024552345275879,
        -3.0318877696990967
      ],
      "type": "VEC3"
    },
    {
      "bufferView": 2,
      "byteOffset": 7077456,
      "componentType": 5126,
      "count": 65532,
      "max": [
        0.99982500076293945,
        0.99998325109481812,
        0.9999995231628418
      ],
      "min": [
        -0.99985182285308838,
        -0.99974459409713745,
        -0.9994361400604248
      ],
      "type": "VEC3"
    },
    {
      "bufferView": 3,
      "byteOffset": 4194048,
      "componentType": 5126,
      "count": 65532,
      "max": [
        0.99607843160629272,
        0.99607843160629272,
        0.99607843160629272,
        1
      ],
      "min": [
        0,
        0,
        0,
        1
      ],
      "type": "VEC4"
    },
    {
      "bufferView": 1,
      "byteOffset": 2097024,
      "componentType": 5126,
      "count": 65532,
      "max": [
        0.99866127967834473,
        0.99996227025985718
      ],
      "min": [
        0.00048732469440437853,
        0.0014680495951324701
      ],
      "type": "VEC2"
    },
    {
      "bufferView": 0,
      "byteOffset": 5405424,
      "componentType": 5125,
      "count": 335385,
      "max": [
        65531
      ],
      "min": [
        0
      ],
      "type": "SCALAR"
    },
    {
      "bufferView": 2,
      "byteOffset": 7863840,
      "componentType": 5126,
      "count": 65532,
      "max": [
        38.56622314453125,
        18.537727355957031,
        1.1960813999176025
      ],
      "min": [
        16.728059768676758,
        -7.501619815826416,
        -3.0344090461730957
      ],
      "type": "VEC3"
    },
    {
      "bufferView": 2,
      "byteOffset": 8650224,
      "componentType": 5126,
      "count": 65532,
      "max": [
        0.99996107816696167,
        0.99999856948852539,
        0.99999994039535522
      ],
      "min": [
        -0.99977993965148926,
        -0.99990695714950562,
        -0.99886453151702881
      ],
      "type": "VEC3"
    },
    {
      "bufferView": 3,
      "byteOffset": 5242560,
      "componentType": 5126,
      "count": 65532,
      "max": [
        0.99607843160629272,
        0.99607843160629272,
        0.99607843160629272,
        1
      ],
      "min": [
        0,
        0,
        0,
        1
      ],
      "type": "VEC4"
    },
    {
      "bufferView": 1,
      "byteOffset": 2621280,
      "componentType": 5126,
      "count": 65532,
      "max": [
        0.99883008003234863,
        0.9999617338180542
      ],
      "min": [
        0.00048740534111857414,
        0.0014689700910821557
      ],
      "type": "VEC2"
    },
    {
      "bufferView": 0,
      "byteOffset": 6746964,
      "componentType": 5125,
      "count": 346803,
      "max": [
        65531
      ],
      "min": [
        0
      ],
      "type": "SCALAR"
    },
    {
      "bufferView": 2,
      "byteOffset": 9436608,
      "componentType": 5126,
      "count": 60551,
      "max": [
        48.823024749755859,
        18.485790252685547,
        1.6473721265792847
      ],
      "min": [
        -42.584781646728516,
        -7.502140998840332,
        -3.0348131656646729
      ],
      "type": "VEC3"
    },
    {
      "bufferView": 2,
      "byteOffset": 10163220,
      "componentType": 5126,
      "count": 60551,
      "max": [
        0.99993830919265747,
        0.99997228384017944,
        0.99999856948852539
      ],
      "min": [
        -0.99994277954101562,
        -0.99997419118881226,
        -0.99990439414978027
      ],
      "type": "VEC3"
    },
    {
      "bufferView": 3,
      "byteOffset": 6291072,
      "componentType": 5126,
      "count": 60551,
      "max": [
        0.99607843160629272,
        0.99607843160629272,
        0.99215686321258545,
        1
      ],
      "min": [
        0,
        0,
        0,
        1
      ],
      "type": "VEC4"
    },
    {
      "bufferView": 1,
      "byteOffset": 3145536,
      "componentType": 5126,
      "count": 60551,
      "max": [
        0.99896413087844849,
        0.99996918439865112
      ],
      "min": [
        0.00048766637337394059,
        0.00048787702689878643
      ],
      "type": "VEC2"
    },
    {
      "bufferView": 0,
      "byteOffset": 8134176,
      "componentType": 5125,
      "count": 316008,
      "max": [
        60550
      ],
      "min": [
        0
      ],
      "type": "SCALAR"
    }
  ],
  "asset": {
    "extras": {
      "author": "Nikitos & 3130 (https://sketchfab.com/vrcityphoto)",
      "license": "CC-BY-4.0 (http://creativecommons.org/licenses/by/4.0/)",
      "source": "https://sketchfab.com/3d-models/alco-wall-fbe2a8d4dfa94d5a84e87e7ab23c6182",
      "title": "ALCO WALL"
    },
    "generator": "Sketchfab-8.86.0",
    "version": "2.0"
  },
  "bufferViews": [
    {
      "buffer": 0,
      "byteLength": 9398208,
      "byteOffset": 0,
      "name": "floatBufferViews",
      "target": 34963
    },
    {
      "buffer": 0,
      "byteLength": 3629944,
      "byteOffset": 9398208,
      "byteStride": 8,
      "name": "floatBufferViews",
      "target": 34962
    },
    {
      "buffer": 0,
      "byteLength": 10889832,
      "byteOffset": 13028152,
      "byteStride": 12,
      "name": "floatBufferViews",
      "target": 34962
    },
    {
      "buffer": 0,
      "byteLength": 7259888,
      "byteOffset": 23917984,
      "byteStride": 16,
      "name": "floatBufferViews",
      "target": 34962
    }
  ],
  "buffers": [
    {
      "byteLength": 31177872,
      "uri": "scene.bin"
    }
  ],
  "extensionsUsed": [
    "KHR_materials_unlit"
  ],
  "images": [
    {
      "uri": "textures/material0_baseColor.jpeg"
    }
  ],
  "materials": [
    {
      "doubleSided": true,
      "emissiveFactor": [
        0,
        0,
        0
      ],
      "extensions": {
        "KHR_materials_unlit": {}
      },
      "name": "material0",
      "pbrMetallicRoughness": {
        "baseColorFactor": [
          1,
          1,
          1,
          1
        ],
        "baseColorTexture": {
          "index": 0,
          "texCoord": 0
        },
        "metallicFactor": 0,
        "roughnessFactor": 1
      }
    }
  ],
  "meshes": [
    {
      "name": "Model_material0_0",
      "primitives": [
        {
          "attributes": {
            "COLOR_0": 2,
            "NORMAL": 1,
            "POSITION": 0,
            "TEXCOORD_0": 3
          },
          "indices": 4,
          "material": 0,
          "mode": 4
        }
      ]
    },
    {
      "name": "Model_material0_0",
      "primitives": [
        {
          "attributes": {
            "COLOR_0": 7,
            "NORMAL": 6,
            "POSITION": 5,
            "TEXCOORD_0": 8
          },
          "indices": 9,
          "material": 0,
          "mode": 4
        }
      ]
    },
    {
      "name": "Model_material0_0",
      "primitives": [
        {
          "attributes": {
            "COLOR_0": 12,
            "NORMAL": 11,
            "POSITION": 10,
            "TEXCOORD_0": 13
          },
          "indices": 14,
          "material": 0,
          "mode": 4
        }
      ]
    },
    {
      "name": "Model_material0_0",
      "primitives": [
        {
          "attributes": {
            "COLOR_0": 17,
            "NORMAL": 16,
            "POSITION": 15,
            "TEXCOORD_0": 18
          },
          "indices": 19,
          "material": 0,
          "mode": 4
        }
      ]
    },
    {
      "name": "Model_material0_0",
      "primitives": [
        {
          "attributes": {
            "COLOR_0": 22,
            "NORMAL": 21,
            "POSITION": 20,
            "TEXCOORD_0": 23
          },
          "indices": 24,
          "material": 0,
          "mode": 4
        }
      ]
    },
    {
      "name": "Model_material0_0",
      "primitives": [
        {
          "attributes": {
            "COLOR_0": 27,
            "NORMAL": 26,
            "POSITION": 25,
            "TEXCOORD_0": 28
          },
          "indices": 29,
          "material": 0,
          "mode": 4
        }
      ]
    },
    {
      "name": "Model_material0_0",
      "primitives": [
        {
          "attributes": {
            "COLOR_0": 32,
            "NORMAL": 31,
            "POSITION": 30,
            "TEXCOORD_0": 33
          },
          "indices": 34,
          "material": 0,
          "mode": 4
        }
      ]
    }
  ],
  "nodes": [
    {
      "children": [
        1
      ],
      "name": "RootNode (gltf orientation matrix)",
      "rotation": [
        -0.70710678118654746,
        -0,
        -0,
        0.70710678118654757
      ]
    },
    {
      "children": [
        2
      ],
      "matrix": [
        1,
        -1.6081226229577292e-16,
        -1.2325951644078309e-32,
        0,
        1.2325951644078309e-32,
        2.2204460492503131e-16,
        -1,
        0,
        1.6081226229577292e-16,
        1,
        2.2204460492503131e-16,
        0,
        0,
        -6.3491349220275879,
        -4.9623360633850098,
        1
      ],
      "name": "RootNode (model correction matrix)"
    },
    {
      "children": [
        3
      ],
      "matrix": [
        1,
        0,
        0,
        0,
        0,
        -1,
        0,
        0,
        0,
        0,
        -1,
        0,
        0,
        0,
        0,
        1
      ],
      "name": "ALCO_WALL.fbx"
    },
    {
      "children": [
        4,
        12,
        14,
        16,
        18,
        20,
        22,
        24,
        26,
        28,
        30,
        32,
        34,
        36,
        38,
        40,
        42,
        44,
        46,
        48,
        50,
        52,
        54,
        56,
        58,
        60,
        62,
        64,
        66,
        68,
        70,
        72,
        74,
        76,
        78,
        80,
        82,
        84,
        86,
        88,
        90,
        92,
        94,
        96,
        98,
        100,
        102,
        104,
        106,
        108,
        110,
        112,
        114,
        116,
        118,
        120,
        122,
        124,
        126,
        128,
        130,
        132,
        134,
        136,
        138,
        140,
        142,
        144,
        146,
        148,
        150,
        152,
        154,
        156,
        158,
        160,
        162,
        164,
        166,
        168,
        170,
        172,
        174,
        176,
        178,
        180,
        182,
        184,
        186,
        188,
        190,
        192,
        194,
        196,
        198,
        200,
        202,
        204,
        206,
        208,
        210,
        212,
        214,
        216,
        218,
        220,
        222,
        224,
        226,
        228,
        230,
        232,
        234,
        236,
        238,
        240,
        242,
        244,
        246,
        248,
        250,
        252,
        254,
        256,
        258,
        260,
        262,
        264,
        266,
        268,
        270
      ],
      "name": "RootNode"
    },
    {
      "children": [
        5,
        6,
        7,
        8,
        9,
        10,
        11
      ],
      "name": "Model"
    },
    {
      "mesh": 0,
      "name": "Model_material0_0"
    },
    {
      "mesh": 1,
      "name": "Model_material0_0"
    },
    {
      "mesh": 2,
      "name": "Model_material0_0"
    },
    {
      "mesh": 3,
      "name": "Model_material0_0"
    },
    {
      "mesh": 4,
      "name": "Model_material0_0"
    },
    {
      "mesh": 5,
      "name": "Model_material0_0"
    },
    {
      "mesh": 6,
      "name": "Model_material0_0"
    },
    {
      "children": [
        13
      ],
      "matrix": [
        -0.0062877801701717306,
        -0.14258816930962531,
        -0.98976213192537399,
        0,
        0.99901788574946426,
        -0.044308719322503354,
        3.6669740957728791e-05,
        0,
        -0.043860321170756056,
        -0.98878984185969931,
        0.14272673492331034,
        0,
        -35.395206451416016,
        9.2550039291381836,
        23.441310882568359,
        1
      ],
      "name": "ALCO (1)"
    },
    {
      "name": ""
    },
    {
      "children": [
        15
      ],
      "matrix": [
        -0.047128386304709391,
        -0.13269103134338139,
        -0.99003636569842413,
        0,
        0.99886210604547743,
        0.0009910866939846219,
        -0.047681347019127518,
        0,
        0.0073080989804142904,
        -0.99115695424498473,
        0.13249333470442082,
        0,
        -32.435733795166016,
        9.3620691299438477,
        22.294593811035156,
        1
      ],
      "name": "ALCO (2)"
    },
    {
      "name": ""
    },
    {
      "children": [
        17
      ],
      "matrix": [
        -0.07443276926073672,
        -0.14917636418509239,
        -0.98600515983877846,
        0,
        0.99711581994194642,
        -0.025833025996789605,
        -0.071363130462090363,
        0,
        -0.014825804587882685,
        -0.98847309884304191,
        0.15066893635370238,
        0,
        -30.424884796142578,
        9.2997627258300781,
        22.512720108032227,
        1
      ],
      "name": "ALCO (3)"
    },
    {
      "name": ""
    },
    {
      "children": [
        19
      ],
      "matrix": [
        -0.011920298769495963,
        -0.12836102748837935,
        -0.9916558642489709,
        0,
        0.99988590204003525,
        -0.010732467926942935,
        -0.010630006292676242,
        0,
        -0.0092784362276810972,
        -0.99166943118880324,
        0.12847431598122716,
        0,
        -27.767934799194336,
        9.3526010513305664,
        23.257675170898438,
        1
      ],
      "name": "ALCO (4)"
    },
    {
      "name": ""
    },
    {
      "children": [
        21
      ],
      "matrix": [
        0.0048141287630347751,
        -0.12147180935788321,
        -0.99258320744186235,
        0,
        0.99966323098933074,
        -0.02472683696417155,
        0.0078745248567457793,
        0,
        -0.025499975925971918,
        -0.99228684515369325,
        0.12131186323977328,
        0,
        -26.560066223144531,
        9.4644384384155273,
        23.61859130859375,
        1
      ],
      "name": "ALCO (5)"
    },
    {
      "name": ""
    },
    {
      "children": [
        23
      ],
      "matrix": [
        0.047657207877746854,
        -0.14797102736301271,
        -0.9878427838469197,
        0,
        0.99885767356745825,
        0.010509377267960196,
        0.046614385599781094,
        0,
        0.0034840339697842504,
        -0.98893585638835768,
        0.14830284372433022,
        0,
        -23.401105880737305,
        9.3249578475952148,
        22.54994010925293,
        1
      ],
      "name": "ALCO (6)"
    },
    {
      "name": ""
    },
    {
      "children": [
        25
      ],
      "matrix": [
        0.042858706900152144,
        -0.15095996097240166,
        -0.98761035911236661,
        0,
        0.99908100247018861,
        0.0070010840583251133,
        0.042286349158696113,
        0,
        0.00053079752235624111,
        -0.98851508587639636,
        0.1511212865508067,
        0,
        -23.088323593139648,
        9.3460798263549805,
        22.398355484008789,
        1
      ],
      "name": "ALCO (7)"
    },
    {
      "name": ""
    },
    {
      "children": [
        27
      ],
      "matrix": [
        0.075570970926139402,
        -0.13418905172814599,
        -0.98807000093595676,
        0,
        0.99711388544251511,
        0.0029399617591369109,
        0.07586340410623299,
        0,
        -0.0072751502397825352,
        -0.99095138882851153,
        0.13402394251712191,
        0,
        -22.278478622436523,
        9.3617925643920898,
        22.195629119873047,
        1
      ],
      "name": "ALCO (8)"
    },
    {
      "name": ""
    },
    {
      "children": [
        29
      ],
      "matrix": [
        0.061529930189956783,
        -0.14039101687925615,
        -0.98818238704726324,
        0,
        0.99800784959730771,
        -0.0051765214060590647,
        0.062877148220081835,
        0,
        -0.013942734056725692,
        -0.99008260564749895,
        0.13979282585770414,
        0,
        -21.79286003112793,
        9.3146915435791016,
        22.13029670715332,
        1
      ],
      "name": "ALCO (9)"
    },
    {
      "name": ""
    },
    {
      "children": [
        31
      ],
      "matrix": [
        0.026089872837579353,
        -0.1368876425496332,
        -0.99024294587364925,
        0,
        0.99944310585738694,
        -0.017042991301789101,
        0.028688231064799063,
        0,
        -0.020803766232561971,
        -0.99043995767774384,
        0.13636676114746549,
        0,
        -20.290996551513672,
        9.4016275405883789,
        22.409366607666016,
        1
      ],
      "name": "ALCO (10)"
    },
    {
      "name": ""
    },
    {
      "children": [
        33
      ],
      "matrix": [
        0.060333368021246003,
        -0.13633358695243014,
        -0.98882406815969892,
        0,
        0.99801367380654915,
        -0.0097508768060201589,
        0.062238471194820011,
        0,
        -0.018127095695878392,
        -0.99061499760007554,
        0.13547448073875212,
        0,
        -14.895332336425781,
        9.5364770889282227,
        21.830801010131836,
        1
      ],
      "name": "ALCO (11)"
    },
    {
      "name": ""
    },
    {
      "children": [
        35
      ],
      "matrix": [
        0.085689685228902523,
        -0.12486896685907123,
        -0.98846599281964165,
        0,
        0.9957971285909466,
        -0.021461631651108926,
        0.089036380524469494,
        0,
        -0.032331973886504328,
        -0.99194109678066089,
        0.12250511818769905,
        0,
        -9.5061492919921875,
        10.236640930175781,
        21.724689483642578,
        1
      ],
      "name": "ALCO (12)"
    },
    {
      "name": ""
    },
    {
      "children": [
        37
      ],
      "matrix": [
        0.11927384738719782,
        -0.19891224794913642,
        -0.97273206328632789,
        0,
        0.99286112909178048,
        0.024612401372965831,
        0.11670907435692679,
        0,
        0.00072640763355702465,
        -0.97970819498179007,
        0.20042785489415549,
        0,
        -6.4562573432922363,
        10.910168647766113,
        19.745468139648438,
        1
      ],
      "name": "ALCO (13)"
    },
    {
      "name": ""
    },
    {
      "children": [
        39
      ],
      "matrix": [
        0.090051455176526796,
        -0.16697470658938651,
        -0.9818402022630659,
        0,
        0.99592597933029481,
        0.019759237734461532,
        0.087983045066343302,
        0,
        0.0047094708389741058,
        -0.9857631662237849,
        0.16807379629459063,
        0,
        -5.7432045936584473,
        11.013100624084473,
        19.227243423461914,
        1
      ],
      "name": "ALCO (14)"
    },
    {
      "name": ""
    },
    {
      "children": [
        41
      ],
      "matrix": [
        0.089999575841165802,
        -0.15800622450572543,
        -0.98332807819458523,
        0,
        0.99592027922121606,
        0.0077869078411576531,
        0.089900842611224607,
        0,
        -0.0065478075983591566,
        -0.98740741190438674,
        0.15806242163125073,
        0,
        -4.7632455825805664,
        10.977302551269531,
        18.819709777832031,
        1
      ],
      "name": "ALCO (15)"
    },
    {
      "name": ""
    },
    {
      "children": [
        43
      ],
      "matrix": [
        0.06066452020531754,
        -0.17708088887887563,
        -0.98232488250177497,
        0,
        0.99804789458441523,
        -0.0038700729223566377,
        0.062333158520900211,
        0,
        -0.014839680046236203,
        -0.98418869193333203,
        0.17650043219970424,
        0,
        -3.7661628723144531,
        11.124554634094238,
        18.737810134887695,
        1
      ],
      "name": "ALCO (16)"
    },
    {
      "name": ""
    },
    {
      "children": [
        45
      ],
      "matrix": [
        0.026871463362042602,
        -0.19834229407428355,
        -0.97976438945194011,
        0,
        0.99952210629453719,
        -0.0096507308281186255,
        0.02936702952317205,
        0,
        -0.015280166403349782,
        -0.98008530127526838,
        0.19798817828055371,
        0,
        -2.8408987522125244,
        11.283527374267578,
        18.757907867431641,
        1
      ],
      "name": "ALCO (17)"
    },
    {
      "name": ""
    },
    {
      "children": [
        47
      ],
      "matrix": [
        0.013634643215724163,
        -0.21958063902964459,
        -0.9754990719973613,
        0,
        0.99990591727316813,
        0.0015296479788409201,
        0.0136314628402463,
        0,
        -0.0015010351375281394,
        -0.97559315451698092,
        0.21958083648880233,
        0,
        0.38021361827850342,
        11.403741836547852,
        19.843944549560547,
        1
      ],
      "name": "ALCO (18)"
    },
    {
      "name": ""
    },
    {
      "children": [
        49
      ],
      "matrix": [
        0.032027528217831724,
        -0.20759262929776418,
        -0.97769092135372571,
        0,
        0.99912844530941447,
        -0.019549120256311392,
        0.036880640867489378,
        0,
        -0.026769146602916571,
        -0.97802000601135219,
        0.20678559096732596,
        0,
        1.0970543622970581,
        11.395339965820312,
        19.974821090698242,
        1
      ],
      "name": "ALCO (19)"
    },
    {
      "name": ""
    },
    {
      "children": [
        51
      ],
      "matrix": [
        0.0061562134580008809,
        -0.19288418846295646,
        -0.98120221711777966,
        0,
        0.99997337002912046,
        -0.0026582413614044675,
        0.0067965421700107442,
        0,
        -0.0039192178382608245,
        -0.98121792869568547,
        0.19286268726139078,
        0,
        1.6098295450210571,
        11.511266708374023,
        19.592649459838867,
        1
      ],
      "name": "ALCO (20)"
    },
    {
      "name": ""
    },
    {
      "children": [
        53
      ],
      "matrix": [
        -0.0039979209043439212,
        -0.21160381322734489,
        -0.97734735015555718,
        0,
        0.99979522220001271,
        0.018542718144003212,
        -0.008104398179937744,
        0,
        0.019837598001510415,
        -0.97717961185826985,
        0.21148634914351216,
        0,
        2.0721061229705811,
        11.690601348876953,
        19.122957229614258,
        1
      ],
      "name": "ALCO (21)"
    },
    {
      "name": ""
    },
    {
      "children": [
        55
      ],
      "matrix": [
        -0.066840558050195176,
        -0.22335147329561084,
        -0.97244355063737165,
        0,
        0.99752550792341221,
        0.0063347017233752467,
        -0.070019515823906475,
        0,
        0.021799101854822533,
        -0.97471739028846494,
        0.22237537684637476,
        0,
        3.2344474792480469,
        11.942510604858398,
        18.50749397277832,
        1
      ],
      "name": "ALCO (22)"
    },
    {
      "name": ""
    },
    {
      "children": [
        57
      ],
      "matrix": [
        -0.06944431073362578,
        -0.19410378194085359,
        -0.97851990758644736,
        0,
        0.99746407266917481,
        -0.028835114247601545,
        -0.065068885963656065,
        0,
        -0.015585616476583852,
        -0.98055711614499308,
        0.19561398348906323,
        0,
        4.2564191818237305,
        11.837677001953125,
        18.177753448486328,
        1
      ],
      "name": "ALCO (23)"
    },
    {
      "name": ""
    },
    {
      "children": [
        59
      ],
      "matrix": [
        0.0016417914260304922,
        -0.21029333906861747,
        -0.97763695514453874,
        0,
        0.99951181740426454,
        -0.030157130142997035,
        0.0081654375732429507,
        0,
        -0.031199862021130897,
        -0.97717309574348687,
        0.21014116580278264,
        0,
        11.611919403076172,
        11.607210159301758,
        18.814414978027344,
        1
      ],
      "name": "ALCO (24)"
    },
    {
      "name": ""
    },
    {
      "children": [
        61
      ],
      "matrix": [
        -0.0064050127493748832,
        -0.21296514068051586,
        -0.97703880407413113,
        0,
        0.99961008322021472,
        -0.027918863937052452,
        -0.0004675050156962568,
        0,
        -0.027178251160729638,
        -0.97666083462550723,
        0.21306092267812016,
        0,
        13.393185615539551,
        11.485672950744629,
        18.088544845581055,
        1
      ],
      "name": "ALCO (25)"
    },
    {
      "name": ""
    },
    {
      "children": [
        63
      ],
      "matrix": [
        -0.018054938223462269,
        -0.21940208487382939,
        -0.97546744915387318,
        0,
        0.99932796448512984,
        -0.035087915907746403,
        -0.010604600664730346,
        0,
        -0.031900448331558473,
        -0.975003365794328,
        0.21988814903486187,
        0,
        14.003901481628418,
        11.342574119567871,
        18.213422775268555,
        1
      ],
      "name": "ALCO (26)"
    },
    {
      "name": ""
    },
    {
      "children": [
        65
      ],
      "matrix": [
        -0.020776464264896655,
        -0.23906729231544011,
        -0.97078070040437747,
        0,
        0.99957031578109501,
        -0.025048108373020295,
        -0.015224193778841433,
        0,
        -0.020676613405771982,
        -0.97067987617540397,
        0.23948498000119089,
        0,
        19.754367828369141,
        11.035529136657715,
        18.687538146972656,
        1
      ],
      "name": "ALCO (27)"
    },
    {
      "name": ""
    },
    {
      "children": [
        67
      ],
      "matrix": [
        -0.0093519014071838935,
        -0.22044373199917255,
        -0.97535486001882798,
        0,
        0.99979982923778499,
        -0.019314316202187154,
        -0.0052209813003141758,
        0,
        -0.017687379573204209,
        -0.97520844859543709,
        0.22058023119018255,
        0,
        21.673915863037109,
        11.06438159942627,
        17.899684906005859,
        1
      ],
      "name": "ALCO (28)"
    },
    {
      "name": ""
    },
    {
      "children": [
        69
      ],
      "matrix": [
        -0.01622017531918063,
        -0.22308590478863766,
        -0.97466383178881222,
        0,
        0.99956507005594986,
        -0.027628965483823098,
        -0.010310722105548842,
        0,
        -0.024628776596883339,
        -0.97440716302320396,
        0.22343702471258464,
        0,
        21.903192520141602,
        11.036517143249512,
        17.880548477172852,
        1
      ],
      "name": "ALCO (29)"
    },
    {
      "name": ""
    },
    {
      "children": [
        71
      ],
      "matrix": [
        -0.004495703583865307,
        -0.30636308966631387,
        -0.95190411593783764,
        0,
        0.99997824057156737,
        -0.0059729499434042488,
        -0.0028004021793885947,
        0,
        -0.0048277357714313629,
        -0.9518959928264662,
        0.3063832759930567,
        0,
        28.537332534790039,
        12.578438758850098,
        18.320995330810547,
        1
      ],
      "name": "ALCO (30)"
    },
    {
      "name": ""
    },
    {
      "children": [
        73
      ],
      "matrix": [
        0.0088070488658860135,
        -0.29017441796402366,
        -0.95693324900408494,
        0,
        0.99990146582016759,
        0.013016915991972855,
        0.0052553352641115936,
        0,
        0.010931355860742398,
        -0.95688524236571759,
        0.2902604664809656,
        0,
        30.189907073974609,
        12.686925888061523,
        17.655067443847656,
        1
      ],
      "name": "ALCO (31)"
    },
    {
      "name": ""
    },
    {
      "children": [
        75
      ],
      "matrix": [
        -0.048362398181236443,
        -0.27982171631479996,
        -0.95883308532861911,
        0,
        0.99796935589355118,
        -0.053375467906792817,
        -0.034759518453818306,
        0,
        -0.041451696461905385,
        -0.95856709024688014,
        0.28183486362772714,
        0,
        33.876804351806641,
        12.452192306518555,
        19.684310913085938,
        1
      ],
      "name": "ALCO (32)"
    },
    {
      "name": ""
    },
    {
      "children": [
        77
      ],
      "matrix": [
        -0.032845478870678679,
        -0.24831074744032883,
        -0.96812341528514922,
        0,
        0.9988022704153221,
        -0.043302481124436909,
        -0.022779809956757324,
        0,
        -0.036265674279599314,
        -0.96771207899565526,
        0.24943562904074656,
        0,
        35.969879150390625,
        12.218144416809082,
        19.870273590087891,
        1
      ],
      "name": "ALCO (33)"
    },
    {
      "name": ""
    },
    {
      "children": [
        79
      ],
      "matrix": [
        0.0097023527428318213,
        -0.21254346359429899,
        -0.97710344408081617,
        0,
        0.99921573157627808,
        -0.035453708235686499,
        0.01763395425939096,
        0,
        -0.038389922137679999,
        -0.9765082235473892,
        0.21203278808378934,
        0,
        38.156211853027344,
        12.397738456726074,
        19.860004425048828,
        1
      ],
      "name": "ALCO (34)"
    },
    {
      "name": ""
    },
    {
      "children": [
        81
      ],
      "matrix": [
        -0.022255387222742673,
        -0.21271329229503194,
        -0.97686117387301974,
        0,
        0.99919946619527966,
        -0.037222862767111842,
        -0.014658964577659306,
        0,
        -0.033243412800644911,
        -0.97640540441377577,
        0.21337141733825749,
        0,
        39.379772186279297,
        12.615379333496094,
        20.563507080078125,
        1
      ],
      "name": "ALCO (35)"
    },
    {
      "name": ""
    },
    {
      "children": [
        83
      ],
      "matrix": [
        -0.24963451127635516,
        -0.15063775825474052,
        -0.95655155457915675,
        0,
        0.96694956426766043,
        0.014142117395304687,
        -0.25457521615066764,
        0,
        0.051876304247672145,
        -0.98848786856671333,
        0.14212875414228887,
        0,
        44.623397827148438,
        10.292396545410156,
        20.505390167236328,
        1
      ],
      "name": "ALCO (36)"
    },
    {
      "name": ""
    },
    {
      "children": [
        85
      ],
      "matrix": [
        -0.28980306562068492,
        -0.15949213975638482,
        -0.9437035766133256,
        0,
        0.95525424044005636,
        0.01277842110302263,
        -0.29550981045543123,
        0,
        0.059190533686934166,
        -0.98711649226929832,
        0.14865231720969652,
        0,
        45.290363311767578,
        9.9979782104492188,
        19.386451721191406,
        1
      ],
      "name": "ALCO (37)"
    },
    {
      "name": ""
    },
    {
      "children": [
        87
      ],
      "matrix": [
        -0.29950854790551196,
        -0.14677249353249189,
        -0.94273668904619723,
        0,
        0.95408369561621575,
        -0.050580362129305723,
        -0.2952387656222884,
        0,
        -0.0043510333067011131,
        -0.98787623825513848,
        0.15518249385817018,
        0,
        47.035972595214844,
        9.8089752197265625,
        19.038799285888672,
        1
      ],
      "name": "ALCO (38)"
    },
    {
      "name": ""
    },
    {
      "children": [
        89
      ],
      "matrix": [
        -0.33185770008652193,
        -0.1493402048231513,
        -0.93143328806558312,
        0,
        0.94331914688823071,
        -0.047919745617849951,
        -0.32840932552834312,
        0,
        0.0044106697161355735,
        -0.98762401813812728,
        0.15677801117935952,
        0,
        50.472885131835938,
        9.7827768325805664,
        18.739086151123047,
        1
      ],
      "name": "ALCO (39)"
    },
    {
      "name": ""
    },
    {
      "children": [
        91
      ],
      "matrix": [
        -0.43007839187443286,
        -0.20283685790959455,
        -0.87971005786910528,
        0,
        0.90074903283930019,
        -0.030899906954231504,
        -0.43323939754976704,
        0,
        0.060693959186783497,
        -0.97872488719945339,
        0.19599448587817536,
        0,
        50.474128723144531,
        9.388676643371582,
        17.325193405151367,
        1
      ],
      "name": "ALCO (40)"
    },
    {
      "name": ""
    },
    {
      "children": [
        93
      ],
      "matrix": [
        -0.50551027226281087,
        -0.1810406948216613,
        -0.84361343721829651,
        0,
        0.85736978195981328,
        0.0043306651759484893,
        -0.51468272005315652,
        0,
        0.096831924585649487,
        -0.98346607066925484,
        0.15302962531292819,
        0,
        49.707176208496094,
        9.5862932205200195,
        15.821940422058105,
        1
      ],
      "name": "ALCO (41)"
    },
    {
      "name": ""
    },
    {
      "children": [
        95
      ],
      "matrix": [
